canvas 0 0 530 100

shape C14 ellipse
motion C14 0 40 50 16 16 0 255 238   10 5 50 16 16 0 255 238

shape C13 ellipse
motion C13 0 5 50 17 17 0 255 221   10 40 50 17 17 0 255 221

shape C12 ellipse
motion C12 1 180 50 18 18 0 255 204   30 180 50 18 18 0 255 204
motion C12 30 180 50 18 18 0 255 204   40 145 50 18 18 0 255 204
motion C12 40 145 50 18 18 0 255 204   110 145 50 18 18 0 255 204
motion C12 110 145 50 18 18 0 255 204   120 110 50 18 18 0 255 204
motion C12 120 110 50 18 18 0 255 204   190 110 50 18 18 0 255 204
motion C12 190 110 50 18 18 0 255 204   200 75 50 18 18 0 255 204

shape C11 ellipse
motion C11 1 425 50 19 19 0 255 187   80 425 50 19 19 0 255 187
motion C11 80 425 50 19 19 0 255 187   90 390 50 19 19 0 255 187
motion C11 90 390 50 19 19 0 255 187   160 390 50 19 19 0 255 187
motion C11 160 390 50 19 19 0 255 187   170 355 50 19 19 0 255 187
motion C11 170 355 50 19 19 0 255 187   230 355 50 19 19 0 255 187
motion C11 230 355 50 19 19 0 255 187   240 320 50 19 19 0 255 187
motion C11 240 320 50 19 19 0 255 187   280 320 50 19 19 0 255 187
motion C11 280 320 50 19 19 0 255 187   290 285 50 19 19 0 255 187
motion C11 290 285 50 19 19 0 255 187   310 285 50 19 19 0 255 187
motion C11 310 285 50 19 19 0 255 187   320 250 50 19 19 0 255 187
motion C11 320 250 50 19 19 0 255 187   340 250 50 19 19 0 255 187
motion C11 340 250 50 19 19 0 255 187   350 215 50 19 19 0 255 187
motion C11 350 215 50 19 19 0 255 187   370 215 50 19 19 0 255 187
motion C11 370 215 50 19 19 0 255 187   380 180 50 19 19 0 255 187
motion C11 380 180 50 19 19 0 255 187   390 180 50 19 19 0 255 187
motion C11 390 180 50 19 19 0 255 187   400 145 50 19 19 0 255 187
motion C11 400 145 50 19 19 0 255 187   410 110 50 19 19 0 255 187

shape C10 ellipse
motion C10 1 355 50 20 20 0 255 170   70 355 50 20 20 0 255 170
motion C10 70 355 50 20 20 0 255 170   80 320 50 20 20 0 255 170
motion C10 80 320 50 20 20 0 255 170   150 320 50 20 20 0 255 170
motion C10 150 320 50 20 20 0 255 170   160 285 50 20 20 0 255 170
motion C10 160 285 50 20 20 0 255 170   220 285 50 20 20 0 255 170
motion C10 220 285 50 20 20 0 255 170   230 250 50 20 20 0 255 170
motion C10 230 250 50 20 20 0 255 170   270 250 50 20 20 0 255 170
motion C10 270 250 50 20 20 0 255 170   280 215 50 20 20 0 255 170
motion C10 280 215 50 20 20 0 255 170   300 215 50 20 20 0 255 170
motion C10 300 215 50 20 20 0 255 170   310 180 50 20 20 0 255 170
motion C10 310 180 50 20 20 0 255 170   330 180 50 20 20 0 255 170
motion C10 330 180 50 20 20 0 255 170   340 145 50 20 20 0 255 170
motion C10 340 145 50 20 20 0 255 170   360 145 50 20 20 0 255 170
motion C10 360 145 50 20 20 0 255 170   370 110 50 20 20 0 255 170
motion C10 370 110 50 20 20 0 255 170   400 110 50 20 20 0 255 170
motion C10 400 110 50 20 20 0 255 170   410 145 50 20 20 0 255 170

shape C9 ellipse
motion C9 1 250 50 21 21 0 255 153   40 250 50 21 21 0 255 153
motion C9 40 250 50 21 21 0 255 153   50 215 50 21 21 0 255 153
motion C9 50 215 50 21 21 0 255 153   120 215 50 21 21 0 255 153
motion C9 120 215 50 21 21 0 255 153   130 180 50 21 21 0 255 153
motion C9 130 180 50 21 21 0 255 153   200 180 50 21 21 0 255 153
motion C9 200 180 50 21 21 0 255 153   210 145 50 21 21 0 255 153
motion C9 210 145 50 21 21 0 255 153   250 145 50 21 21 0 255 153
motion C9 250 145 50 21 21 0 255 153   260 110 50 21 21 0 255 153
motion C9 260 110 50 21 21 0 255 153   360 110 50 21 21 0 255 153
motion C9 360 110 50 21 21 0 255 153   370 145 50 21 21 0 255 153
motion C9 370 145 50 21 21 0 255 153   390 145 50 21 21 0 255 153
motion C9 390 145 50 21 21 0 255 153   400 180 50 21 21 0 255 153

shape C8 ellipse
motion C8 1 460 50 22 22 0 255 136   90 460 50 22 22 0 255 136
motion C8 90 460 50 22 22 0 255 136   100 425 50 22 22 0 255 136
motion C8 100 425 50 22 22 0 255 136   170 425 50 22 22 0 255 136
motion C8 170 425 50 22 22 0 255 136   180 390 50 22 22 0 255 136
motion C8 180 390 50 22 22 0 255 136   240 390 50 22 22 0 255 136
motion C8 240 390 50 22 22 0 255 136   250 355 50 22 22 0 255 136
motion C8 250 355 50 22 22 0 255 136   290 355 50 22 22 0 255 136
motion C8 290 355 50 22 22 0 255 136   300 320 50 22 22 0 255 136
motion C8 300 320 50 22 22 0 255 136   320 320 50 22 22 0 255 136
motion C8 320 320 50 22 22 0 255 136   330 285 50 22 22 0 255 136
motion C8 330 285 50 22 22 0 255 136   350 285 50 22 22 0 255 136
motion C8 350 285 50 22 22 0 255 136   360 250 50 22 22 0 255 136
motion C8 360 250 50 22 22 0 255 136   380 250 50 22 22 0 255 136
motion C8 380 250 50 22 22 0 255 136   390 215 50 22 22 0 255 136

shape C7 ellipse
motion C7 1 110 50 23 23 0 255 119   10 110 50 23 23 0 255 119
motion C7 10 110 50 23 23 0 255 119   20 75 50 23 23 0 255 119
motion C7 20 75 50 23 23 0 255 119   190 75 50 23 23 0 255 119
motion C7 190 75 50 23 23 0 255 119   200 110 50 23 23 0 255 119
motion C7 200 110 50 23 23 0 255 119   250 110 50 23 23 0 255 119
motion C7 250 110 50 23 23 0 255 119   260 145 50 23 23 0 255 119
motion C7 260 145 50 23 23 0 255 119   330 145 50 23 23 0 255 119
motion C7 330 145 50 23 23 0 255 119   340 180 50 23 23 0 255 119
motion C7 340 180 50 23 23 0 255 119   370 180 50 23 23 0 255 119
motion C7 370 180 50 23 23 0 255 119   380 215 50 23 23 0 255 119
motion C7 380 215 50 23 23 0 255 119   390 250 50 23 23 0 255 119

shape C6 ellipse
motion C6 1 320 50 24 24 0 255 102   60 320 50 24 24 0 255 102
motion C6 60 320 50 24 24 0 255 102   70 285 50 24 24 0 255 102
motion C6 70 285 50 24 24 0 255 102   140 285 50 24 24 0 255 102
motion C6 140 285 50 24 24 0 255 102   150 250 50 24 24 0 255 102
motion C6 150 250 50 24 24 0 255 102   210 250 50 24 24 0 255 102
motion C6 210 250 50 24 24 0 255 102   220 215 50 24 24 0 255 102
motion C6 220 215 50 24 24 0 255 102   260 215 50 24 24 0 255 102
motion C6 260 215 50 24 24 0 255 102   270 180 50 24 24 0 255 102
motion C6 270 180 50 24 24 0 255 102   300 180 50 24 24 0 255 102
motion C6 300 180 50 24 24 0 255 102   310 215 50 24 24 0 255 102
motion C6 310 215 50 24 24 0 255 102   340 215 50 24 24 0 255 102
motion C6 340 215 50 24 24 0 255 102   350 250 50 24 24 0 255 102
motion C6 350 250 50 24 24 0 255 102   360 285 50 24 24 0 255 102

shape C5 ellipse
motion C5 1 145 50 25 25 0 255 85   20 145 50 25 25 0 255 85
motion C5 20 145 50 25 25 0 255 85   30 110 50 25 25 0 255 85
motion C5 30 110 50 25 25 0 255 85   110 110 50 25 25 0 255 85
motion C5 110 110 50 25 25 0 255 85   120 145 50 25 25 0 255 85
motion C5 120 145 50 25 25 0 255 85   200 145 50 25 25 0 255 85
motion C5 200 145 50 25 25 0 255 85   210 180 50 25 25 0 255 85
motion C5 210 180 50 25 25 0 255 85   260 180 50 25 25 0 255 85
motion C5 260 180 50 25 25 0 255 85   270 215 50 25 25 0 255 85
motion C5 270 215 50 25 25 0 255 85   280 250 50 25 25 0 255 85
motion C5 280 250 50 25 25 0 255 85   310 250 50 25 25 0 255 85
motion C5 310 250 50 25 25 0 255 85   320 285 50 25 25 0 255 85
motion C5 320 285 50 25 25 0 255 85   330 320 50 25 25 0 255 85

shape C4 ellipse
motion C4 1 285 50 26 26 0 255 68   50 285 50 26 26 0 255 68
motion C4 50 285 50 26 26 0 255 68   60 250 50 26 26 0 255 68
motion C4 60 250 50 26 26 0 255 68   130 250 50 26 26 0 255 68
motion C4 130 250 50 26 26 0 255 68   140 215 50 26 26 0 255 68
motion C4 140 215 50 26 26 0 255 68   210 215 50 26 26 0 255 68
motion C4 210 215 50 26 26 0 255 68   220 250 50 26 26 0 255 68
motion C4 220 250 50 26 26 0 255 68   230 285 50 26 26 0 255 68
motion C4 230 285 50 26 26 0 255 68   280 285 50 26 26 0 255 68
motion C4 280 285 50 26 26 0 255 68   290 320 50 26 26 0 255 68
motion C4 290 320 50 26 26 0 255 68   300 355 50 26 26 0 255 68

shape C3 ellipse
motion C3 1 75 50 27 27 0 255 51   10 75 50 27 27 0 255 51
motion C3 10 75 50 27 27 0 255 51   20 110 50 27 27 0 255 51
motion C3 20 110 50 27 27 0 255 51   30 145 50 27 27 0 255 51
motion C3 30 145 50 27 27 0 255 51   40 180 50 27 27 0 255 51
motion C3 40 180 50 27 27 0 255 51   120 180 50 27 27 0 255 51
motion C3 120 180 50 27 27 0 255 51   130 215 50 27 27 0 255 51
motion C3 130 215 50 27 27 0 255 51   140 250 50 27 27 0 255 51
motion C3 140 250 50 27 27 0 255 51   150 285 50 27 27 0 255 51
motion C3 150 285 50 27 27 0 255 51   160 320 50 27 27 0 255 51
motion C3 160 320 50 27 27 0 255 51   230 320 50 27 27 0 255 51
motion C3 230 320 50 27 27 0 255 51   240 355 50 27 27 0 255 51
motion C3 240 355 50 27 27 0 255 51   250 390 50 27 27 0 255 51

shape C2 ellipse
motion C2 1 495 50 28 28 0 255 34   100 495 50 28 28 0 255 34
motion C2 100 495 50 28 28 0 255 34   110 460 50 28 28 0 255 34
motion C2 110 460 50 28 28 0 255 34   180 460 50 28 28 0 255 34
motion C2 180 460 50 28 28 0 255 34   190 425 50 28 28 0 255 34

shape C1 ellipse
motion C1 1 215 50 29 29 0 255 17   40 215 50 29 29 0 255 17
motion C1 40 215 50 29 29 0 255 17   50 250 50 29 29 0 255 17
motion C1 50 250 50 29 29 0 255 17   60 285 50 29 29 0 255 17
motion C1 60 285 50 29 29 0 255 17   70 320 50 29 29 0 255 17
motion C1 70 320 50 29 29 0 255 17   80 355 50 29 29 0 255 17
motion C1 80 355 50 29 29 0 255 17   160 355 50 29 29 0 255 17
motion C1 160 355 50 29 29 0 255 17   170 390 50 29 29 0 255 17
motion C1 170 390 50 29 29 0 255 17   180 425 50 29 29 0 255 17
motion C1 180 425 50 29 29 0 255 17   190 460 50 29 29 0 255 17

shape C0 ellipse
motion C0 1 390 50 30 30 0 255 0   80 390 50 30 30 0 255 0
motion C0 80 390 50 30 30 0 255 0   90 425 50 30 30 0 255 0
motion C0 90 425 50 30 30 0 255 0   100 460 50 30 30 0 255 0
motion C0 100 460 50 30 30 0 255 0   110 495 50 30 30 0 255 0

