canvas 200.0 70.0 360.0 360.0
shape R rectangle
motion R 1.00 200 200 50 100 255 0 0   10.00 200 200 50 100 255 0 0
motion R 10.00 200 200 50 100 255 0 0   50.00 300 300 50 100 255 0 0
motion R 50.00 300 300 50 100 255 0 0   51.00 300 300 50 100 255 0 0
motion R 51.00 300 300 50 100 255 0 0   70.00 300 300 25 100 255 0 0
motion R 70.00 300 300 25 100 255 0 0   100.00 200 200 25 100 255 0 0

shape C ellipse
motion C 1.00 440 70 120 60 0 0 255   20.00 440 70 120 60 0 0 255
motion C 20.00 440 70 120 60 0 0 255   50.00 440 250 120 60 0 0 255
motion C 50.00 440 250 120 60 0 0 255   70.00 440 370 120 60 0 0 255
motion C 50.00 440 370 120 60 0 0 255   70.00 440 370 120 60 0 170 85
motion C 70.00 440 370 120 60 0 170 85   80.00 440 370 120 60 0 255 0

