canvas 0 0 750 540

shape Background rectangle
motion Background 1 0 0 750 540 255 255 255 1 0 0 750 540 255 255 255
motion Background 220 0 0 750 540 255 255 255 270 0 0 750 540 1 101 191
motion Background 300 0 0 750 540 1 101 191 350 0 0 750 540 0 47 108
motion Background 380 0 0 750 540 0 47 108 430 0 0 750 540 255 255 255
motion Background 460 0 0 750 540 255 255 255 510 0 0 750 540 255 209 0
motion Background 540 0 0 750 540 255 209 0 590 0 0 750 540 255 255 255

shape topLeft rectangle
motion topLeft 1 -210 -210 210 210 0 48 135 50 0 0 210 210 0 48 135
motion topLeft 140 0 0 210 210 0 48 135 190 0 0 210 210 186 12 47
motion topLeft 220 0 0 210 210 186 12 47 270 0 0 210 210 255 255 255
motion topLeft 380 0 0 210 210 255 255 255 430 0 0 210 210 218 41 28
motion topLeft 460 0 0 210 210 218 41 28 510 0 0 210 210 0 75 135
motion topLeft 540 0 0 210 210 0 75 135 590 0 0 210 210 255 255 255

shape bottomLeft rectangle
motion bottomLeft 1 -210 750 70 70 0 48 135 50 0 330 210 210 0 48 135
motion bottomLeft 140 0 330 210 210 0 48 135 190 0 330 210 210 186 12 47
motion bottomLeft 220 0 330 210 210 186 12 47 270 0 330 210 210 255 255 255
motion bottomLeft 380 0 330 210 210 255 255 255 430 0 330 210 210 218 41 28
motion bottomLeft 460 0 330 210 210 218 41 28 510 0 330 210 210 0 75 135
motion bottomLeft 540 0 330 210 210 0 75 135 590 0 330 210 210 255 255 255

shape topRight rectangle
motion topRight 1 750 -210 420 210 0 48 135 50 330 0 420 210 0 48 135
motion topRight 140 330 0 420 210 0 48 135 190 330 0 420 210 186 12 47
motion topRight 220 330 0 420 210 186 12 47 270 330 0 420 210 255 255 255
motion topRight 380 330 0 420 210 255 255 255 430 330 0 420 210 218 41 28
motion topRight 460 330 0 420 210 218 41 28 510 330 0 420 210 0 75 135
motion topRight 540 330 0 420 210 0 75 135 590 330 0 420 210 255 255 255

shape bottomRight rectangle
motion bottomRight 1 750 750 420 210 0 48 135 50 330 330 420 210 0 48 135
motion bottomRight 140 330 330 420 210 0 48 135 190 330 330 420 210 186 12 47
motion bottomRight 220 330 330 420 210 186 12 47 270 330 330 420 210 255 255 255
motion bottomRight 380 330 330 420 210 255 255 255 430 330 330 420 210 218 41 28
motion bottomRight 460 330 330 420 210 218 41 28 510 330 330 420 210 0 75 135
motion bottomRight 540 330 330 420 210 0 75 135 590 330 330 420 210 255 255 255

shape horizontalCross rectangle
motion horizontalCross 60 750 240 750 60 210 38 48 110 0 240 750 60 210 38 48
motion horizontalCross 140 0 240 750 60 210 38 48 190 0 240 750 60 0 32 91
motion horizontalCross 220 0 240 750 60 0 32 91 270 0 240 750 60 238 36 54
motion horizontalCross 300 0 240 750 60 238 36 54 350 0 240 750 60 0 47 108
motion horizontalCross 380 0 240 750 60 0 47 108 430 0 240 750 60 255 255 255
motion horizontalCross 460 0 240 750 60 255 255 255 510 0 240 750 60 255 209 0
motion horizontalCross 540 0 240 750 60 255 209 0 590 0 240 750 60 255 255 255

shape verticalCross rectangle
motion verticalCross 60 240 -540 60 540 210 38 48 110 240 0 60 540 210 38 48
motion verticalCross 140 240 0 60 540 210 38 48 190 240 0 60 540 0 32 91
motion verticalCross 220 240 0 60 540 0 32 91 270 240 0 60 540 238 36 54
motion verticalCross 300 240 0 60 540 238 36 54 350 240 0 60 540 0 47 108
motion verticalCross 380 240 0 60 540 0 47 108 430 240 0 60 540 255 255 255
motion verticalCross 460 240 0 60 540 255 255 255 510 240 0 60 540 255 209 0
motion verticalCross 540 240 0 60 540 255 209 0 590 240 0 60 540 255 255 255
