canvas 0 0 250 180

shape Background rectangle
motion Background 1 0 0 250 180 255 255 255 1 0 0 250 180 255 255 255
motion Background 220 0 0 250 180 255 255 255 270 0 0 250 180 1 101 191
motion Background 300 0 0 250 180 1 101 191 350 0 0 250 180 0 47 108
motion Background 380 0 0 250 180 0 47 108 430 0 0 250 180 255 255 255
motion Background 460 0 0 250 180 255 255 255 510 0 0 250 180 255 209 0
motion Background 540 0 0 250 180 255 209 0 590 0 0 250 180 255 255 255

shape topLeft rectangle
motion topLeft 1 -70 -70 70 70 0 48 135 50 0 0 70 70 0 48 135
motion topLeft 140 0 0 70 70 0 48 135 190 0 0 70 70 186 12 47
motion topLeft 220 0 0 70 70 186 12 47 270 0 0 70 70 255 255 255
motion topLeft 380 0 0 70 70 255 255 255 430 0 0 70 70 218 41 28
motion topLeft 460 0 0 70 70 218 41 28 510 0 0 70 70 0 75 135
motion topLeft 540 0 0 70 70 0 75 135 590 0 0 70 70 255 255 255

shape bottomLeft rectangle
motion bottomLeft 1 -70 250 23 23 0 48 135 50 0 110 70 70 0 48 135
motion bottomLeft 140 0 110 70 70 0 48 135 190 0 110 70 70 186 12 47
motion bottomLeft 220 0 110 70 70 186 12 47 270 0 110 70 70 255 255 255
motion bottomLeft 380 0 110 70 70 255 255 255 430 0 110 70 70 218 41 28
motion bottomLeft 460 0 110 70 70 218 41 28 510 0 110 70 70 0 75 135
motion bottomLeft 540 0 110 70 70 0 75 135 590 0 110 70 70 255 255 255

shape topRight rectangle
motion topRight 1 250 -70 140 70 0 48 135 50 110 0 140 70 0 48 135
motion topRight 140 110 0 140 70 0 48 135 190 110 0 140 70 186 12 47
motion topRight 220 110 0 140 70 186 12 47 270 110 0 140 70 255 255 255
motion topRight 380 110 0 140 70 255 255 255 430 110 0 140 70 218 41 28
motion topRight 460 110 0 140 70 218 41 28 510 110 0 140 70 0 75 135
motion topRight 540 110 0 140 70 0 75 135 590 110 0 140 70 255 255 255

shape bottomRight rectangle
motion bottomRight 1 250 250 140 70 0 48 135 50 110 110 140 70 0 48 135
motion bottomRight 140 110 110 140 70 0 48 135 190 110 110 140 70 186 12 47
motion bottomRight 220 110 110 140 70 186 12 47 270 110 110 140 70 255 255 255
motion bottomRight 380 110 110 140 70 255 255 255 430 110 110 140 70 218 41 28
motion bottomRight 460 110 110 140 70 218 41 28 510 110 110 140 70 0 75 135
motion bottomRight 540 110 110 140 70 0 75 135 590 110 110 140 70 255 255 255

shape horizontalCross rectangle
motion horizontalCross 60 250 80 250 20 210 38 48 110 0 80 250 20 210 38 48
motion horizontalCross 140 0 80 250 20 210 38 48 190 0 80 250 20 0 32 91
motion horizontalCross 220 0 80 250 20 0 32 91 270 0 80 250 20 238 36 54
motion horizontalCross 300 0 80 250 20 238 36 54 350 0 80 250 20 0 47 108
motion horizontalCross 380 0 80 250 20 0 47 108 430 0 80 250 20 255 255 255
motion horizontalCross 460 0 80 250 20 255 255 255 510 0 80 250 20 255 209 0
motion horizontalCross 540 0 80 250 20 255 209 0 590 0 80 250 20 255 255 255

shape verticalCross rectangle
motion verticalCross 60 80 -180 20 180 210 38 48 110 80 0 20 180 210 38 48
motion verticalCross 140 80 0 20 180 210 38 48 190 80 0 20 180 0 32 91
motion verticalCross 220 80 0 20 180 0 32 91 270 80 0 20 180 238 36 54
motion verticalCross 300 80 0 20 180 238 36 54 350 80 0 20 180 0 47 108
motion verticalCross 380 80 0 20 180 0 47 108 430 80 0 20 180 255 255 255
motion verticalCross 460 80 0 20 180 255 255 255 510 80 0 20 180 255 209 0
motion verticalCross 540 80 0 20 180 255 209 0 590 80 0 20 180 255 255 255
